******************************
Decoder NO: 1
w_1_i: [11.2 11.2 11.2 4.8 12 12 12 11.2 8.8 8.8 8.8 7.2 7.2 7.2 8 6.4 4 4 4 4 4 6.4 6.4 4 6.4 8 6.4 6.4 8 7.2 8 6.4 8 6.4 4 6.4 8 7.2 8 8 6.4 6.4 4 4.8 4 4 4.8 4.8 4.8 4.8 4.8 4.8 4.8 4.8 4 6.4 6.4 6.4 4 6.4 6.4 8 6.4 6.4 6.4 6.4 4 4 4 4.8 4.8 4.8 4 4 4 4 4 4 4 6.4 6.4 4 4 6.4 6.4 6.4 6.4 6.4 8 7.2 8.8 8.8 7.2 8 8 6.4 6.4 4 4.8 12 12 12 12 5.6 4.8 4.8 4.8 4.8 5.6 5.6 5.6 5.6 5.6 12 4.8 4 6.4 6.4 8 7.2 8.8 8.8 8.8 11.2 12 4.8 11.2]
w_2_i: [2.8 2.8 2.8 1.2 3 3 3 2.8 2.2 2.2 2.2 1.8 1.8 1.8 2 1.6 1 1 1 1 1 1.6 1.6 1 1.6 2 1.6 1.6 2 1.8 2 1.6 2 1.6 1 1.6 2 1.8 2 2 1.6 1.6 1 1.2 1 1 1.2 1.2 1.2 1.2 1.2 1.2 1.2 1.2 1 1.6 1.6 1.6 1 1.6 1.6 2 1.6 1.6 1.6 1.6 1 1 1 1.2 1.2 1.2 1 1 1 1 1 1 1 1.6 1.6 1 1 1.6 1.6 1.6 1.6 1.6 2 1.8 2.2 2.2 1.8 2 2 1.6 1.6 1 1.2 3 3 3 3 1.4 1.2 1.2 1.2 1.2 1.4 1.4 1.4 1.4 1.4 3 1.2 1 1.6 1.6 2 1.8 2.2 2.2 2.2 2.8 3 1.2 2.8]
DELTA_margin: 0
FLAG_RESTART: 1
ITERATION_RESTART: 25
m_l_i: [4 3 3 0 0]
delta_2: 0.2
delta_1: 0.6
******************************
