
******************************
Parity check matrix H
H = 
[1 0 0 1 1 0 0 1 1 0 0 1 0 0 1 1 1 0 0 0 0 0 0 1 0 0 1 0 0 0 1 1 0 1 1 0 0 0 1 0 1 0 1 1 0 0 1 1 0 0 0 1 1 0 0 0 0 0 1 0 0 0 1 1 1 0 1 1 1 1 0 0 0 1 0 0 0 0 0 0 0 1 0 0 1 1 0 1 0 0 0 0 1 1 1 1 0 1 1 1 0 0 1 1 1 1 1 0 0 0 0 0 0 0 0 0 0 0 0 0 0 0 0 0 0 0 0;
0 1 0 0 1 1 0 0 1 1 0 0 1 0 0 1 1 1 0 0 0 0 0 0 1 0 0 1 0 0 0 1 1 0 1 1 0 0 0 1 0 1 0 1 1 0 0 1 1 0 0 0 1 1 0 0 0 0 0 1 0 0 0 1 1 1 0 1 1 1 1 0 0 0 1 0 0 0 0 0 0 0 1 0 0 1 1 0 1 0 0 0 0 1 1 1 1 0 1 1 1 0 0 1 1 1 1 1 0 0 0 0 0 0 0 0 0 0 0 0 0 0 0 0 0 0 0;
0 0 1 0 0 1 1 0 0 1 1 0 0 1 0 0 1 1 1 0 0 0 0 0 0 1 0 0 1 0 0 0 1 1 0 1 1 0 0 0 1 0 1 0 1 1 0 0 1 1 0 0 0 1 1 0 0 0 0 0 1 0 0 0 1 1 1 0 1 1 1 1 0 0 0 1 0 0 0 0 0 0 0 1 0 0 1 1 0 1 0 0 0 0 1 1 1 1 0 1 1 1 0 0 1 1 1 1 1 0 0 0 0 0 0 0 0 0 0 0 0 0 0 0 0 0 0;
0 0 0 1 0 0 1 1 0 0 1 1 0 0 1 0 0 1 1 1 0 0 0 0 0 0 1 0 0 1 0 0 0 1 1 0 1 1 0 0 0 1 0 1 0 1 1 0 0 1 1 0 0 0 1 1 0 0 0 0 0 1 0 0 0 1 1 1 0 1 1 1 1 0 0 0 1 0 0 0 0 0 0 0 1 0 0 1 1 0 1 0 0 0 0 1 1 1 1 0 1 1 1 0 0 1 1 1 1 1 0 0 0 0 0 0 0 0 0 0 0 0 0 0 0 0 0;
0 0 0 0 1 0 0 1 1 0 0 1 1 0 0 1 0 0 1 1 1 0 0 0 0 0 0 1 0 0 1 0 0 0 1 1 0 1 1 0 0 0 1 0 1 0 1 1 0 0 1 1 0 0 0 1 1 0 0 0 0 0 1 0 0 0 1 1 1 0 1 1 1 1 0 0 0 1 0 0 0 0 0 0 0 1 0 0 1 1 0 1 0 0 0 0 1 1 1 1 0 1 1 1 0 0 1 1 1 1 1 0 0 0 0 0 0 0 0 0 0 0 0 0 0 0 0;
0 0 0 0 0 1 0 0 1 1 0 0 1 1 0 0 1 0 0 1 1 1 0 0 0 0 0 0 1 0 0 1 0 0 0 1 1 0 1 1 0 0 0 1 0 1 0 1 1 0 0 1 1 0 0 0 1 1 0 0 0 0 0 1 0 0 0 1 1 1 0 1 1 1 1 0 0 0 1 0 0 0 0 0 0 0 1 0 0 1 1 0 1 0 0 0 0 1 1 1 1 0 1 1 1 0 0 1 1 1 1 1 0 0 0 0 0 0 0 0 0 0 0 0 0 0 0;
0 0 0 0 0 0 1 0 0 1 1 0 0 1 1 0 0 1 0 0 1 1 1 0 0 0 0 0 0 1 0 0 1 0 0 0 1 1 0 1 1 0 0 0 1 0 1 0 1 1 0 0 1 1 0 0 0 1 1 0 0 0 0 0 1 0 0 0 1 1 1 0 1 1 1 1 0 0 0 1 0 0 0 0 0 0 0 1 0 0 1 1 0 1 0 0 0 0 1 1 1 1 0 1 1 1 0 0 1 1 1 1 1 0 0 0 0 0 0 0 0 0 0 0 0 0 0;
0 0 0 0 0 0 0 1 0 0 1 1 0 0 1 1 0 0 1 0 0 1 1 1 0 0 0 0 0 0 1 0 0 1 0 0 0 1 1 0 1 1 0 0 0 1 0 1 0 1 1 0 0 1 1 0 0 0 1 1 0 0 0 0 0 1 0 0 0 1 1 1 0 1 1 1 1 0 0 0 1 0 0 0 0 0 0 0 1 0 0 1 1 0 1 0 0 0 0 1 1 1 1 0 1 1 1 0 0 1 1 1 1 1 0 0 0 0 0 0 0 0 0 0 0 0 0;
0 0 0 0 0 0 0 0 1 0 0 1 1 0 0 1 1 0 0 1 0 0 1 1 1 0 0 0 0 0 0 1 0 0 1 0 0 0 1 1 0 1 1 0 0 0 1 0 1 0 1 1 0 0 1 1 0 0 0 1 1 0 0 0 0 0 1 0 0 0 1 1 1 0 1 1 1 1 0 0 0 1 0 0 0 0 0 0 0 1 0 0 1 1 0 1 0 0 0 0 1 1 1 1 0 1 1 1 0 0 1 1 1 1 1 0 0 0 0 0 0 0 0 0 0 0 0;
0 0 0 0 0 0 0 0 0 1 0 0 1 1 0 0 1 1 0 0 1 0 0 1 1 1 0 0 0 0 0 0 1 0 0 1 0 0 0 1 1 0 1 1 0 0 0 1 0 1 0 1 1 0 0 1 1 0 0 0 1 1 0 0 0 0 0 1 0 0 0 1 1 1 0 1 1 1 1 0 0 0 1 0 0 0 0 0 0 0 1 0 0 1 1 0 1 0 0 0 0 1 1 1 1 0 1 1 1 0 0 1 1 1 1 1 0 0 0 0 0 0 0 0 0 0 0;
0 0 0 0 0 0 0 0 0 0 1 0 0 1 1 0 0 1 1 0 0 1 0 0 1 1 1 0 0 0 0 0 0 1 0 0 1 0 0 0 1 1 0 1 1 0 0 0 1 0 1 0 1 1 0 0 1 1 0 0 0 1 1 0 0 0 0 0 1 0 0 0 1 1 1 0 1 1 1 1 0 0 0 1 0 0 0 0 0 0 0 1 0 0 1 1 0 1 0 0 0 0 1 1 1 1 0 1 1 1 0 0 1 1 1 1 1 0 0 0 0 0 0 0 0 0 0;
0 0 0 0 0 0 0 0 0 0 0 1 0 0 1 1 0 0 1 1 0 0 1 0 0 1 1 1 0 0 0 0 0 0 1 0 0 1 0 0 0 1 1 0 1 1 0 0 0 1 0 1 0 1 1 0 0 1 1 0 0 0 1 1 0 0 0 0 0 1 0 0 0 1 1 1 0 1 1 1 1 0 0 0 1 0 0 0 0 0 0 0 1 0 0 1 1 0 1 0 0 0 0 1 1 1 1 0 1 1 1 0 0 1 1 1 1 1 0 0 0 0 0 0 0 0 0;
0 0 0 0 0 0 0 0 0 0 0 0 1 0 0 1 1 0 0 1 1 0 0 1 0 0 1 1 1 0 0 0 0 0 0 1 0 0 1 0 0 0 1 1 0 1 1 0 0 0 1 0 1 0 1 1 0 0 1 1 0 0 0 1 1 0 0 0 0 0 1 0 0 0 1 1 1 0 1 1 1 1 0 0 0 1 0 0 0 0 0 0 0 1 0 0 1 1 0 1 0 0 0 0 1 1 1 1 0 1 1 1 0 0 1 1 1 1 1 0 0 0 0 0 0 0 0;
0 0 0 0 0 0 0 0 0 0 0 0 0 1 0 0 1 1 0 0 1 1 0 0 1 0 0 1 1 1 0 0 0 0 0 0 1 0 0 1 0 0 0 1 1 0 1 1 0 0 0 1 0 1 0 1 1 0 0 1 1 0 0 0 1 1 0 0 0 0 0 1 0 0 0 1 1 1 0 1 1 1 1 0 0 0 1 0 0 0 0 0 0 0 1 0 0 1 1 0 1 0 0 0 0 1 1 1 1 0 1 1 1 0 0 1 1 1 1 1 0 0 0 0 0 0 0;
0 0 0 0 0 0 0 0 0 0 0 0 0 0 1 0 0 1 1 0 0 1 1 0 0 1 0 0 1 1 1 0 0 0 0 0 0 1 0 0 1 0 0 0 1 1 0 1 1 0 0 0 1 0 1 0 1 1 0 0 1 1 0 0 0 1 1 0 0 0 0 0 1 0 0 0 1 1 1 0 1 1 1 1 0 0 0 1 0 0 0 0 0 0 0 1 0 0 1 1 0 1 0 0 0 0 1 1 1 1 0 1 1 1 0 0 1 1 1 1 1 0 0 0 0 0 0;
0 0 0 0 0 0 0 0 0 0 0 0 0 0 0 1 0 0 1 1 0 0 1 1 0 0 1 0 0 1 1 1 0 0 0 0 0 0 1 0 0 1 0 0 0 1 1 0 1 1 0 0 0 1 0 1 0 1 1 0 0 1 1 0 0 0 1 1 0 0 0 0 0 1 0 0 0 1 1 1 0 1 1 1 1 0 0 0 1 0 0 0 0 0 0 0 1 0 0 1 1 0 1 0 0 0 0 1 1 1 1 0 1 1 1 0 0 1 1 1 1 1 0 0 0 0 0;
0 0 0 0 0 0 0 0 0 0 0 0 0 0 0 0 1 0 0 1 1 0 0 1 1 0 0 1 0 0 1 1 1 0 0 0 0 0 0 1 0 0 1 0 0 0 1 1 0 1 1 0 0 0 1 0 1 0 1 1 0 0 1 1 0 0 0 1 1 0 0 0 0 0 1 0 0 0 1 1 1 0 1 1 1 1 0 0 0 1 0 0 0 0 0 0 0 1 0 0 1 1 0 1 0 0 0 0 1 1 1 1 0 1 1 1 0 0 1 1 1 1 1 0 0 0 0;
0 0 0 0 0 0 0 0 0 0 0 0 0 0 0 0 0 1 0 0 1 1 0 0 1 1 0 0 1 0 0 1 1 1 0 0 0 0 0 0 1 0 0 1 0 0 0 1 1 0 1 1 0 0 0 1 0 1 0 1 1 0 0 1 1 0 0 0 1 1 0 0 0 0 0 1 0 0 0 1 1 1 0 1 1 1 1 0 0 0 1 0 0 0 0 0 0 0 1 0 0 1 1 0 1 0 0 0 0 1 1 1 1 0 1 1 1 0 0 1 1 1 1 1 0 0 0;
0 0 0 0 0 0 0 0 0 0 0 0 0 0 0 0 0 0 1 0 0 1 1 0 0 1 1 0 0 1 0 0 1 1 1 0 0 0 0 0 0 1 0 0 1 0 0 0 1 1 0 1 1 0 0 0 1 0 1 0 1 1 0 0 1 1 0 0 0 1 1 0 0 0 0 0 1 0 0 0 1 1 1 0 1 1 1 1 0 0 0 1 0 0 0 0 0 0 0 1 0 0 1 1 0 1 0 0 0 0 1 1 1 1 0 1 1 1 0 0 1 1 1 1 1 0 0;
0 0 0 0 0 0 0 0 0 0 0 0 0 0 0 0 0 0 0 1 0 0 1 1 0 0 1 1 0 0 1 0 0 1 1 1 0 0 0 0 0 0 1 0 0 1 0 0 0 1 1 0 1 1 0 0 0 1 0 1 0 1 1 0 0 1 1 0 0 0 1 1 0 0 0 0 0 1 0 0 0 1 1 1 0 1 1 1 1 0 0 0 1 0 0 0 0 0 0 0 1 0 0 1 1 0 1 0 0 0 0 1 1 1 1 0 1 1 1 0 0 1 1 1 1 1 0;
0 0 0 0 0 0 0 0 0 0 0 0 0 0 0 0 0 0 0 0 1 0 0 1 1 0 0 1 1 0 0 1 0 0 1 1 1 0 0 0 0 0 0 1 0 0 1 0 0 0 1 1 0 1 1 0 0 0 1 0 1 0 1 1 0 0 1 1 0 0 0 1 1 0 0 0 0 0 1 0 0 0 1 1 1 0 1 1 1 1 0 0 0 1 0 0 0 0 0 0 0 1 0 0 1 1 0 1 0 0 0 0 1 1 1 1 0 1 1 1 0 0 1 1 1 1 1]
******************************

S = M = [50 100 150 200 250 300]
L' = 4;
L'' = 1;

******************************
Decoders gAD-GDBF
Max iterations: 300
******************************
Decoder NO: 1
w_1_i: [12.8 12.8 12.8 8.8 4.8 4.8 4.8 8 3.2 3.2 3.2 4.8 4.8 4.8 4.8 0.8 12.8 12.8 12.8 12.8 12.8 0.8 0.8 12.8 0.8 4.8 0.8 0.8 4.8 4.8 4.8 0.8 4.8 0.8 12.8 0.8 4.8 4.8 4.8 4.8 0.8 0.8 12.8 12 12.8 12.8 12 12 12 12 12 12 12 12 12.8 0.8 0.8 0.8 12.8 0.8 0.8 4.8 0.8 0.8 0.8 0.8 12.8 12.8 12.8 12 12 12 12.8 12.8 12.8 12.8 12.8 12.8 12.8 0.8 0.8 12.8 12.8 0.8 0.8 0.8 0.8 0.8 4.8 4.8 3.2 3.2 4.8 4.8 4.8 0.8 0.8 12.8 12 7.2 7.2 7.2 7.2 1.6 5.6 5.6 5.6 5.6 1.6 1.6 1.6 1.6 1.6 7.2 12 12.8 0.8 0.8 4.8 4.8 3.2 3.2 3.2 8 4.8 8.8 12.8]
w_2_i: [3.2 3.2 3.2 2.2 1.2 1.2 1.2 2 0.8 0.8 0.8 1.2 1.2 1.2 1.2 0.2 3.2 3.2 3.2 3.2 3.2 0.2 0.2 3.2 0.2 1.2 0.2 0.2 1.2 1.2 1.2 0.2 1.2 0.2 3.2 0.2 1.2 1.2 1.2 1.2 0.2 0.2 3.2 3 3.2 3.2 3 3 3 3 3 3 3 3 3.2 0.2 0.2 0.2 3.2 0.2 0.2 1.2 0.2 0.2 0.2 0.2 3.2 3.2 3.2 3 3 3 3.2 3.2 3.2 3.2 3.2 3.2 3.2 0.2 0.2 3.2 3.2 0.2 0.2 0.2 0.2 0.2 1.2 1.2 0.8 0.8 1.2 1.2 1.2 0.2 0.2 3.2 3 1.8 1.8 1.8 1.8 0.4 1.4 1.4 1.4 1.4 0.4 0.4 0.4 0.4 0.4 1.8 3 3.2 0.2 0.2 1.2 1.2 0.8 0.8 0.8 2 1.2 2.2 3.2]
DELTA_margin: 0
FLAG_RESTART: 1
ITERATION_RESTART: 50
m_l_i: [4 2 2 2 0]
delta_2: [0.2 0]
delta_1: [0.6 0]
******************************
******************************
Decoder NO: 2
w_1_i: [6.4 6.4 6.4 4 8 8 8 7.2 12 12 12 1.6 1.6 1.6 7.2 3.2 3.2 3.2 3.2 3.2 3.2 3.2 3.2 3.2 3.2 7.2 3.2 3.2 7.2 1.6 7.2 3.2 7.2 3.2 3.2 3.2 7.2 1.6 7.2 7.2 3.2 3.2 3.2 2.4 3.2 3.2 2.4 2.4 2.4 2.4 2.4 2.4 2.4 2.4 3.2 3.2 3.2 3.2 3.2 3.2 3.2 7.2 3.2 3.2 3.2 3.2 3.2 3.2 3.2 2.4 2.4 2.4 3.2 3.2 3.2 3.2 3.2 3.2 3.2 3.2 3.2 3.2 3.2 3.2 3.2 3.2 3.2 3.2 7.2 1.6 12 12 1.6 7.2 7.2 3.2 3.2 3.2 2.4 10.4 10.4 10.4 10.4 5.6 12.8 12.8 12.8 12.8 5.6 5.6 5.6 5.6 5.6 10.4 2.4 3.2 3.2 3.2 7.2 1.6 12 12 12 7.2 8 4 6.4]
w_2_i: [1.6 1.6 1.6 1 2 2 2 1.8 3 3 3 0.4 0.4 0.4 1.8 0.8 0.8 0.8 0.8 0.8 0.8 0.8 0.8 0.8 0.8 1.8 0.8 0.8 1.8 0.4 1.8 0.8 1.8 0.8 0.8 0.8 1.8 0.4 1.8 1.8 0.8 0.8 0.8 0.6 0.8 0.8 0.6 0.6 0.6 0.6 0.6 0.6 0.6 0.6 0.8 0.8 0.8 0.8 0.8 0.8 0.8 1.8 0.8 0.8 0.8 0.8 0.8 0.8 0.8 0.6 0.6 0.6 0.8 0.8 0.8 0.8 0.8 0.8 0.8 0.8 0.8 0.8 0.8 0.8 0.8 0.8 0.8 0.8 1.8 0.4 3 3 0.4 1.8 1.8 0.8 0.8 0.8 0.6 2.6 2.6 2.6 2.6 1.4 3.2 3.2 3.2 3.2 1.4 1.4 1.4 1.4 1.4 2.6 0.6 0.8 0.8 0.8 1.8 0.4 3 3 3 1.8 2 1 1.6]
DELTA_margin: 0
FLAG_RESTART: 1
ITERATION_RESTART: 100
m_l_i: [3 3 1 1 0]
delta_2: [0.1 0]
delta_1: [0.6 0]
******************************
******************************
Decoder NO: 3
w_1_i: [4.8 4.8 4.8 8 2.4 2.4 2.4 0.8 0.8 0.8 0.8 10.4 10.4 10.4 10.4 2.4 0.8 0.8 0.8 0.8 0.8 2.4 2.4 0.8 2.4 10.4 2.4 2.4 10.4 10.4 10.4 2.4 10.4 2.4 0.8 2.4 10.4 10.4 10.4 10.4 2.4 2.4 0.8 5.6 0.8 0.8 5.6 5.6 5.6 5.6 5.6 5.6 5.6 5.6 0.8 2.4 2.4 2.4 0.8 2.4 2.4 10.4 2.4 2.4 2.4 2.4 0.8 0.8 0.8 5.6 5.6 5.6 0.8 0.8 0.8 0.8 0.8 0.8 0.8 2.4 2.4 0.8 0.8 2.4 2.4 2.4 2.4 2.4 10.4 10.4 0.8 0.8 10.4 10.4 10.4 2.4 2.4 0.8 5.6 8.8 8.8 8.8 8.8 9.6 2.4 2.4 2.4 2.4 9.6 9.6 9.6 9.6 9.6 8.8 5.6 0.8 2.4 2.4 10.4 10.4 0.8 0.8 0.8 0.8 2.4 8 4.8]
w_2_i: [1.2 1.2 1.2 2 0.6 0.6 0.6 0.2 0.2 0.2 0.2 2.6 2.6 2.6 2.6 0.6 0.2 0.2 0.2 0.2 0.2 0.6 0.6 0.2 0.6 2.6 0.6 0.6 2.6 2.6 2.6 0.6 2.6 0.6 0.2 0.6 2.6 2.6 2.6 2.6 0.6 0.6 0.2 1.4 0.2 0.2 1.4 1.4 1.4 1.4 1.4 1.4 1.4 1.4 0.2 0.6 0.6 0.6 0.2 0.6 0.6 2.6 0.6 0.6 0.6 0.6 0.2 0.2 0.2 1.4 1.4 1.4 0.2 0.2 0.2 0.2 0.2 0.2 0.2 0.6 0.6 0.2 0.2 0.6 0.6 0.6 0.6 0.6 2.6 2.6 0.2 0.2 2.6 2.6 2.6 0.6 0.6 0.2 1.4 2.2 2.2 2.2 2.2 2.4 0.6 0.6 0.6 0.6 2.4 2.4 2.4 2.4 2.4 2.2 1.4 0.2 0.6 0.6 2.6 2.6 0.2 0.2 0.2 0.2 0.6 2 1.2]
DELTA_margin: 0
FLAG_RESTART: 1
ITERATION_RESTART: 150
m_l_i: [4 1 1 1 0]
delta_2: [0.1 0]
delta_1: [0.8 0]
******************************
******************************
Decoder NO: 4
w_1_i: [4 4 4 5.6 10.4 10.4 10.4 10.4 4.8 4.8 4.8 8.8 8.8 8.8 8 7.2 8 8 8 8 8 7.2 7.2 8 7.2 8 7.2 7.2 8 8.8 8 7.2 8 7.2 8 7.2 8 8.8 8 8 7.2 7.2 8 11.2 8 8 11.2 11.2 11.2 11.2 11.2 11.2 11.2 11.2 8 7.2 7.2 7.2 8 7.2 7.2 8 7.2 7.2 7.2 7.2 8 8 8 11.2 11.2 11.2 8 8 8 8 8 8 8 7.2 7.2 8 8 7.2 7.2 7.2 7.2 7.2 8 8.8 4.8 4.8 8.8 8 8 7.2 7.2 8 11.2 1.6 1.6 1.6 1.6 3.2 10.4 10.4 10.4 10.4 3.2 3.2 3.2 3.2 3.2 1.6 11.2 8 7.2 7.2 8 8.8 4.8 4.8 4.8 10.4 10.4 5.6 4]
w_2_i: [1 1 1 1.4 2.6 2.6 2.6 2.6 1.2 1.2 1.2 2.2 2.2 2.2 2 1.8 2 2 2 2 2 1.8 1.8 2 1.8 2 1.8 1.8 2 2.2 2 1.8 2 1.8 2 1.8 2 2.2 2 2 1.8 1.8 2 2.8 2 2 2.8 2.8 2.8 2.8 2.8 2.8 2.8 2.8 2 1.8 1.8 1.8 2 1.8 1.8 2 1.8 1.8 1.8 1.8 2 2 2 2.8 2.8 2.8 2 2 2 2 2 2 2 1.8 1.8 2 2 1.8 1.8 1.8 1.8 1.8 2 2.2 1.2 1.2 2.2 2 2 1.8 1.8 2 2.8 0.4 0.4 0.4 0.4 0.8 2.6 2.6 2.6 2.6 0.8 0.8 0.8 0.8 0.8 0.4 2.8 2 1.8 1.8 2 2.2 1.2 1.2 1.2 2.6 2.6 1.4 1]
DELTA_margin: 0
FLAG_RESTART: 1
ITERATION_RESTART: 200
m_l_i: [4 2 1 1 0]
delta_2: [0.1 0]
delta_1: [0.7 0]
******************************
******************************
Decoder NO: 5
w_1_i: [6.4 6.4 6.4 10.4 12 12 12 7.2 4.8 4.8 4.8 0.8 0.8 0.8 8.8 1.6 12.8 12.8 12.8 12.8 12.8 1.6 1.6 12.8 1.6 8.8 1.6 1.6 8.8 0.8 8.8 1.6 8.8 1.6 12.8 1.6 8.8 0.8 8.8 8.8 1.6 1.6 12.8 8.8 12.8 12.8 8.8 8.8 8.8 8.8 8.8 8.8 8.8 8.8 12.8 1.6 1.6 1.6 12.8 1.6 1.6 8.8 1.6 1.6 1.6 1.6 12.8 12.8 12.8 8.8 8.8 8.8 12.8 12.8 12.8 12.8 12.8 12.8 12.8 1.6 1.6 12.8 12.8 1.6 1.6 1.6 1.6 1.6 8.8 0.8 4.8 4.8 0.8 8.8 8.8 1.6 1.6 12.8 8.8 10.4 10.4 10.4 10.4 0.8 7.2 7.2 7.2 7.2 0.8 0.8 0.8 0.8 0.8 10.4 8.8 12.8 1.6 1.6 8.8 0.8 4.8 4.8 4.8 7.2 12 10.4 6.4]
w_2_i: [1.6 1.6 1.6 2.6 3 3 3 1.8 1.2 1.2 1.2 0.2 0.2 0.2 2.2 0.4 3.2 3.2 3.2 3.2 3.2 0.4 0.4 3.2 0.4 2.2 0.4 0.4 2.2 0.2 2.2 0.4 2.2 0.4 3.2 0.4 2.2 0.2 2.2 2.2 0.4 0.4 3.2 2.2 3.2 3.2 2.2 2.2 2.2 2.2 2.2 2.2 2.2 2.2 3.2 0.4 0.4 0.4 3.2 0.4 0.4 2.2 0.4 0.4 0.4 0.4 3.2 3.2 3.2 2.2 2.2 2.2 3.2 3.2 3.2 3.2 3.2 3.2 3.2 0.4 0.4 3.2 3.2 0.4 0.4 0.4 0.4 0.4 2.2 0.2 1.2 1.2 0.2 2.2 2.2 0.4 0.4 3.2 2.2 2.6 2.6 2.6 2.6 0.2 1.8 1.8 1.8 1.8 0.2 0.2 0.2 0.2 0.2 2.6 2.2 3.2 0.4 0.4 2.2 0.2 1.2 1.2 1.2 1.8 3 2.6 1.6]
DELTA_margin: 0
FLAG_RESTART: 1
ITERATION_RESTART: 250
m_l_i: [4 2 2 0 0]
delta_2: [0.2 0]
delta_1: [0.7 0]
******************************
******************************
Decoder NO: 6
w_1_i: [7.8 7.8 7.8 9.6 7.8 7.8 7.8 1.2 5.4 5.4 5.4 1.2 1.2 1.2 9 7.8 1.8 1.8 1.8 1.8 1.8 7.8 7.8 1.8 7.8 9 7.8 7.8 9 1.2 9 7.8 9 7.8 1.8 7.8 9 1.2 9 9 7.8 7.8 1.8 7.2 1.8 1.8 7.2 7.2 7.2 7.2 7.2 7.2 7.2 7.2 1.8 7.8 7.8 7.8 1.8 7.8 7.8 9 7.8 7.8 7.8 7.8 1.8 1.8 1.8 7.2 7.2 7.2 1.8 1.8 1.8 1.8 1.8 1.8 1.8 7.8 7.8 1.8 1.8 7.8 7.8 7.8 7.8 7.8 9 1.2 5.4 5.4 1.2 9 9 7.8 7.8 1.8 7.2 0.6 0.6 0.6 0.6 1.8 9.6 9.6 9.6 9.6 1.8 1.8 1.8 1.8 1.8 0.6 7.2 1.8 7.8 7.8 9 1.2 5.4 5.4 5.4 1.2 7.8 9.6 7.8]
w_2_i: [2.6 2.6 2.6 3.2 2.6 2.6 2.6 0.4 1.8 1.8 1.8 0.4 0.4 0.4 3 2.6 0.6 0.6 0.6 0.6 0.6 2.6 2.6 0.6 2.6 3 2.6 2.6 3 0.4 3 2.6 3 2.6 0.6 2.6 3 0.4 3 3 2.6 2.6 0.6 2.4 0.6 0.6 2.4 2.4 2.4 2.4 2.4 2.4 2.4 2.4 0.6 2.6 2.6 2.6 0.6 2.6 2.6 3 2.6 2.6 2.6 2.6 0.6 0.6 0.6 2.4 2.4 2.4 0.6 0.6 0.6 0.6 0.6 0.6 0.6 2.6 2.6 0.6 0.6 2.6 2.6 2.6 2.6 2.6 3 0.4 1.8 1.8 0.4 3 3 2.6 2.6 0.6 2.4 0.2 0.2 0.2 0.2 0.6 3.2 3.2 3.2 3.2 0.6 0.6 0.6 0.6 0.6 0.2 2.4 0.6 2.6 2.6 3 0.4 1.8 1.8 1.8 0.4 2.6 3.2 2.6]
DELTA_margin: 0
FLAG_RESTART: 1
ITERATION_RESTART: 300
m_l_i: [4 4 3 2 0]
delta_2: [0.4 0]
delta_1: [0.9 0]
******************************
