
H = [1 1 0 0 1 1 0 0 1 0 0 0 0 0 1 1 0 0 1 0 0 1 1 1 1 1 0 0 1 1 0 1 0 0 1 0 1 0 1 1 1 1 0 0 1 1 0 0 0 0 0 0 0 0 0 0 0 0 0 0 0 0 0;0 1 1 0 0 1 1 0 0 1 0 0 0 0 0 1 1 0 0 1 0 0 1 1 1 1 1 0 0 1 1 0 1 0 0 1 0 1 0 1 1 1 1 0 0 1 1 0 0 0 0 0 0 0 0 0 0 0 0 0 0 0 0;0 0 1 1 0 0 1 1 0 0 1 0 0 0 0 0 1 1 0 0 1 0 0 1 1 1 1 1 0 0 1 1 0 1 0 0 1 0 1 0 1 1 1 1 0 0 1 1 0 0 0 0 0 0 0 0 0 0 0 0 0 0 0;0 0 0 1 1 0 0 1 1 0 0 1 0 0 0 0 0 1 1 0 0 1 0 0 1 1 1 1 1 0 0 1 1 0 1 0 0 1 0 1 0 1 1 1 1 0 0 1 1 0 0 0 0 0 0 0 0 0 0 0 0 0 0;0 0 0 0 1 1 0 0 1 1 0 0 1 0 0 0 0 0 1 1 0 0 1 0 0 1 1 1 1 1 0 0 1 1 0 1 0 0 1 0 1 0 1 1 1 1 0 0 1 1 0 0 0 0 0 0 0 0 0 0 0 0 0;0 0 0 0 0 1 1 0 0 1 1 0 0 1 0 0 0 0 0 1 1 0 0 1 0 0 1 1 1 1 1 0 0 1 1 0 1 0 0 1 0 1 0 1 1 1 1 0 0 1 1 0 0 0 0 0 0 0 0 0 0 0 0;0 0 0 0 0 0 1 1 0 0 1 1 0 0 1 0 0 0 0 0 1 1 0 0 1 0 0 1 1 1 1 1 0 0 1 1 0 1 0 0 1 0 1 0 1 1 1 1 0 0 1 1 0 0 0 0 0 0 0 0 0 0 0;0 0 0 0 0 0 0 1 1 0 0 1 1 0 0 1 0 0 0 0 0 1 1 0 0 1 0 0 1 1 1 1 1 0 0 1 1 0 1 0 0 1 0 1 0 1 1 1 1 0 0 1 1 0 0 0 0 0 0 0 0 0 0;0 0 0 0 0 0 0 0 1 1 0 0 1 1 0 0 1 0 0 0 0 0 1 1 0 0 1 0 0 1 1 1 1 1 0 0 1 1 0 1 0 0 1 0 1 0 1 1 1 1 0 0 1 1 0 0 0 0 0 0 0 0 0;0 0 0 0 0 0 0 0 0 1 1 0 0 1 1 0 0 1 0 0 0 0 0 1 1 0 0 1 0 0 1 1 1 1 1 0 0 1 1 0 1 0 0 1 0 1 0 1 1 1 1 0 0 1 1 0 0 0 0 0 0 0 0;0 0 0 0 0 0 0 0 0 0 1 1 0 0 1 1 0 0 1 0 0 0 0 0 1 1 0 0 1 0 0 1 1 1 1 1 0 0 1 1 0 1 0 0 1 0 1 0 1 1 1 1 0 0 1 1 0 0 0 0 0 0 0;0 0 0 0 0 0 0 0 0 0 0 1 1 0 0 1 1 0 0 1 0 0 0 0 0 1 1 0 0 1 0 0 1 1 1 1 1 0 0 1 1 0 1 0 0 1 0 1 0 1 1 1 1 0 0 1 1 0 0 0 0 0 0;0 0 0 0 0 0 0 0 0 0 0 0 1 1 0 0 1 1 0 0 1 0 0 0 0 0 1 1 0 0 1 0 0 1 1 1 1 1 0 0 1 1 0 1 0 0 1 0 1 0 1 1 1 1 0 0 1 1 0 0 0 0 0;0 0 0 0 0 0 0 0 0 0 0 0 0 1 1 0 0 1 1 0 0 1 0 0 0 0 0 1 1 0 0 1 0 0 1 1 1 1 1 0 0 1 1 0 1 0 0 1 0 1 0 1 1 1 1 0 0 1 1 0 0 0 0;0 0 0 0 0 0 0 0 0 0 0 0 0 0 1 1 0 0 1 1 0 0 1 0 0 0 0 0 1 1 0 0 1 0 0 1 1 1 1 1 0 0 1 1 0 1 0 0 1 0 1 0 1 1 1 1 0 0 1 1 0 0 0;0 0 0 0 0 0 0 0 0 0 0 0 0 0 0 1 1 0 0 1 1 0 0 1 0 0 0 0 0 1 1 0 0 1 0 0 1 1 1 1 1 0 0 1 1 0 1 0 0 1 0 1 0 1 1 1 1 0 0 1 1 0 0;0 0 0 0 0 0 0 0 0 0 0 0 0 0 0 0 1 1 0 0 1 1 0 0 1 0 0 0 0 0 1 1 0 0 1 0 0 1 1 1 1 1 0 0 1 1 0 1 0 0 1 0 1 0 1 1 1 1 0 0 1 1 0;0 0 0 0 0 0 0 0 0 0 0 0 0 0 0 0 0 1 1 0 0 1 1 0 0 1 0 0 0 0 0 1 1 0 0 1 0 0 1 1 1 1 1 0 0 1 1 0 1 0 0 1 0 1 0 1 1 1 1 0 0 1 1]

S = M = [50 100 150 200 250 300]
L' = 4;
L'' = 1;

******************************
Decoders gAD-GDBF
Max iterations: 300
******************************
Decoder NO: 1
w_1_i: [11.2 4.8 4.8 4.8 10.4 1.6 1.6 1.6 9.6 9.6 9.6 9.6 9.6 9.6 0.8 6.4 6.4 6.4 6.4 0.8 0.8 6.4 6.4 6.4 4 12.8 4 4 12.8 0.8 0.8 7.2 0.8 12.8 0.8 0.8 0.8 0.8 7.2 7.2 7.2 7.2 0.8 12.8 0.8 7.2 0.8 12.8 12.8 4 4 4 6.4 6.4 0.8 0.8 9.6 1.6 10.4 4.8 4.8 4.8 11.2]
w_2_i: [2.8 1.2 1.2 1.2 2.6 0.4 0.4 0.4 2.4 2.4 2.4 2.4 2.4 2.4 0.2 1.6 1.6 1.6 1.6 0.2 0.2 1.6 1.6 1.6 1 3.2 1 1 3.2 0.2 0.2 1.8 0.2 3.2 0.2 0.2 0.2 0.2 1.8 1.8 1.8 1.8 0.2 3.2 0.2 1.8 0.2 3.2 3.2 1 1 1 1.6 1.6 0.2 0.2 2.4 0.4 2.6 1.2 1.2 1.2 2.8]
DELTA_margin: 0
FLAG_RESTART: 1
ITERATION_RESTART: 50
m_l_i: [4 2 2 2 0]
delta_2: [0.1 0]
delta_1: [0.7 0]
******************************
******************************
Decoder NO: 2
w_1_i: [11.2 10.4 10.4 10.4 1.6 10.4 10.4 10.4 5.6 5.6 5.6 5.6 5.6 5.6 5.6 11.2 11.2 11.2 11.2 5.6 5.6 11.2 11.2 11.2 8 2.4 8 8 2.4 12.8 12.8 6.4 12.8 2.4 12.8 12.8 12.8 12.8 6.4 6.4 6.4 6.4 12.8 2.4 12.8 6.4 12.8 2.4 2.4 8 8 8 11.2 11.2 5.6 5.6 5.6 10.4 1.6 10.4 10.4 10.4 11.2]
w_2_i: [2.8 2.6 2.6 2.6 0.4 2.6 2.6 2.6 1.4 1.4 1.4 1.4 1.4 1.4 1.4 2.8 2.8 2.8 2.8 1.4 1.4 2.8 2.8 2.8 2 0.6 2 2 0.6 3.2 3.2 1.6 3.2 0.6 3.2 3.2 3.2 3.2 1.6 1.6 1.6 1.6 3.2 0.6 3.2 1.6 3.2 0.6 0.6 2 2 2 2.8 2.8 1.4 1.4 1.4 2.6 0.4 2.6 2.6 2.6 2.8]
DELTA_margin: 0
FLAG_RESTART: 1
ITERATION_RESTART: 100
m_l_i: [4 3 3 2 0]
delta_2: [0.4 0]
delta_1: [0.9 0]
******************************
******************************
Decoder NO: 3
w_1_i: [12.8 4.8 4.8 4.8 2.4 4 4 4 4 4 4 4 4 4 4 5.6 5.6 5.6 5.6 4 4 5.6 5.6 5.6 4 12 4 4 12 6.4 6.4 1.6 6.4 12 6.4 6.4 6.4 6.4 1.6 1.6 1.6 1.6 6.4 12 6.4 1.6 6.4 12 12 4 4 4 5.6 5.6 4 4 4 4 2.4 4.8 4.8 4.8 12.8]
w_2_i: [3.2 1.2 1.2 1.2 0.6 1 1 1 1 1 1 1 1 1 1 1.4 1.4 1.4 1.4 1 1 1.4 1.4 1.4 1 3 1 1 3 1.6 1.6 0.4 1.6 3 1.6 1.6 1.6 1.6 0.4 0.4 0.4 0.4 1.6 3 1.6 0.4 1.6 3 3 1 1 1 1.4 1.4 1 1 1 1 0.6 1.2 1.2 1.2 3.2]
DELTA_margin: 0
FLAG_RESTART: 1
ITERATION_RESTART: 150
m_l_i: [5 3 1 1 0]
delta_2: [0.1 0]
delta_1: [0.6 0]
******************************
******************************
Decoder NO: 4
w_1_i: [7.2 2.4 2.4 2.4 4.8 8.8 8.8 8.8 10.4 10.4 10.4 10.4 10.4 10.4 11.2 4 4 4 4 11.2 11.2 4 4 4 10.4 7.2 10.4 10.4 7.2 9.6 9.6 0.8 9.6 7.2 9.6 9.6 9.6 9.6 0.8 0.8 0.8 0.8 9.6 7.2 9.6 0.8 9.6 7.2 7.2 10.4 10.4 10.4 4 4 11.2 11.2 10.4 8.8 4.8 2.4 2.4 2.4 7.2]
w_2_i: [1.8 0.6 0.6 0.6 1.2 2.2 2.2 2.2 2.6 2.6 2.6 2.6 2.6 2.6 2.8 1 1 1 1 2.8 2.8 1 1 1 2.6 1.8 2.6 2.6 1.8 2.4 2.4 0.2 2.4 1.8 2.4 2.4 2.4 2.4 0.2 0.2 0.2 0.2 2.4 1.8 2.4 0.2 2.4 1.8 1.8 2.6 2.6 2.6 1 1 2.8 2.8 2.6 2.2 1.2 0.6 0.6 0.6 1.8]
DELTA_margin: 0
FLAG_RESTART: 1
ITERATION_RESTART: 200
m_l_i: [5 5 2 2 0]
delta_2: [0.2 0]
delta_1: [0.6 0]
******************************
******************************
Decoder NO: 5
w_1_i: [12 4 4 4 8 3.2 3.2 3.2 7.2 7.2 7.2 7.2 7.2 7.2 2.4 1.6 1.6 1.6 1.6 2.4 2.4 1.6 1.6 1.6 2.4 11.2 2.4 2.4 11.2 4 4 7.2 4 11.2 4 4 4 4 7.2 7.2 7.2 7.2 4 11.2 4 7.2 4 11.2 11.2 2.4 2.4 2.4 1.6 1.6 2.4 2.4 7.2 3.2 8 4 4 4 12]
w_2_i: [3 1 1 1 2 0.8 0.8 0.8 1.8 1.8 1.8 1.8 1.8 1.8 0.6 0.4 0.4 0.4 0.4 0.6 0.6 0.4 0.4 0.4 0.6 2.8 0.6 0.6 2.8 1 1 1.8 1 2.8 1 1 1 1 1.8 1.8 1.8 1.8 1 2.8 1 1.8 1 2.8 2.8 0.6 0.6 0.6 0.4 0.4 0.6 0.6 1.8 0.8 2 1 1 1 3]
DELTA_margin: 0
FLAG_RESTART: 1
ITERATION_RESTART: 250
m_l_i: [4 3 2 0 0]
delta_2: [0.1 0]
delta_1: [0.8 0]
******************************
******************************
Decoder NO: 6
w_1_i: [2.4 2.4 2.4 2.4 12 4.8 4.8 4.8 3.2 3.2 3.2 3.2 3.2 3.2 8.8 4.8 4.8 4.8 4.8 8.8 8.8 4.8 4.8 4.8 4 5.6 4 4 5.6 1.6 1.6 11.2 1.6 5.6 1.6 1.6 1.6 1.6 11.2 11.2 11.2 11.2 1.6 5.6 1.6 11.2 1.6 5.6 5.6 4 4 4 4.8 4.8 8.8 8.8 3.2 4.8 12 2.4 2.4 2.4 2.4]
w_2_i: [0.6 0.6 0.6 0.6 3 1.2 1.2 1.2 0.8 0.8 0.8 0.8 0.8 0.8 2.2 1.2 1.2 1.2 1.2 2.2 2.2 1.2 1.2 1.2 1 1.4 1 1 1.4 0.4 0.4 2.8 0.4 1.4 0.4 0.4 0.4 0.4 2.8 2.8 2.8 2.8 0.4 1.4 0.4 2.8 0.4 1.4 1.4 1 1 1 1.2 1.2 2.2 2.2 0.8 1.2 3 0.6 0.6 0.6 0.6]
DELTA_margin: 0
FLAG_RESTART: 1
ITERATION_RESTART: 300
m_l_i: [5 5 5 3 0]
delta_2: [0.2 0]
delta_1: [0.9 0]
******************************
