
******************************
Parity check matrix H
H = 
[1 1 0 0 1 1 0 0 1 0 0 0 0 0 1 1 0 0 1 0 0 1 1 1 1 1 0 0 1 1 0 1 0 0 1 0 1 0 1 1 1 1 0 0 1 1 0 0 0 0 0 0 0 0 0 0 0 0 0 0 0 0 0;
0 1 1 0 0 1 1 0 0 1 0 0 0 0 0 1 1 0 0 1 0 0 1 1 1 1 1 0 0 1 1 0 1 0 0 1 0 1 0 1 1 1 1 0 0 1 1 0 0 0 0 0 0 0 0 0 0 0 0 0 0 0 0;
0 0 1 1 0 0 1 1 0 0 1 0 0 0 0 0 1 1 0 0 1 0 0 1 1 1 1 1 0 0 1 1 0 1 0 0 1 0 1 0 1 1 1 1 0 0 1 1 0 0 0 0 0 0 0 0 0 0 0 0 0 0 0;
0 0 0 1 1 0 0 1 1 0 0 1 0 0 0 0 0 1 1 0 0 1 0 0 1 1 1 1 1 0 0 1 1 0 1 0 0 1 0 1 0 1 1 1 1 0 0 1 1 0 0 0 0 0 0 0 0 0 0 0 0 0 0;
0 0 0 0 1 1 0 0 1 1 0 0 1 0 0 0 0 0 1 1 0 0 1 0 0 1 1 1 1 1 0 0 1 1 0 1 0 0 1 0 1 0 1 1 1 1 0 0 1 1 0 0 0 0 0 0 0 0 0 0 0 0 0;
0 0 0 0 0 1 1 0 0 1 1 0 0 1 0 0 0 0 0 1 1 0 0 1 0 0 1 1 1 1 1 0 0 1 1 0 1 0 0 1 0 1 0 1 1 1 1 0 0 1 1 0 0 0 0 0 0 0 0 0 0 0 0;
0 0 0 0 0 0 1 1 0 0 1 1 0 0 1 0 0 0 0 0 1 1 0 0 1 0 0 1 1 1 1 1 0 0 1 1 0 1 0 0 1 0 1 0 1 1 1 1 0 0 1 1 0 0 0 0 0 0 0 0 0 0 0;
0 0 0 0 0 0 0 1 1 0 0 1 1 0 0 1 0 0 0 0 0 1 1 0 0 1 0 0 1 1 1 1 1 0 0 1 1 0 1 0 0 1 0 1 0 1 1 1 1 0 0 1 1 0 0 0 0 0 0 0 0 0 0;
0 0 0 0 0 0 0 0 1 1 0 0 1 1 0 0 1 0 0 0 0 0 1 1 0 0 1 0 0 1 1 1 1 1 0 0 1 1 0 1 0 0 1 0 1 0 1 1 1 1 0 0 1 1 0 0 0 0 0 0 0 0 0;
0 0 0 0 0 0 0 0 0 1 1 0 0 1 1 0 0 1 0 0 0 0 0 1 1 0 0 1 0 0 1 1 1 1 1 0 0 1 1 0 1 0 0 1 0 1 0 1 1 1 1 0 0 1 1 0 0 0 0 0 0 0 0;
0 0 0 0 0 0 0 0 0 0 1 1 0 0 1 1 0 0 1 0 0 0 0 0 1 1 0 0 1 0 0 1 1 1 1 1 0 0 1 1 0 1 0 0 1 0 1 0 1 1 1 1 0 0 1 1 0 0 0 0 0 0 0;
0 0 0 0 0 0 0 0 0 0 0 1 1 0 0 1 1 0 0 1 0 0 0 0 0 1 1 0 0 1 0 0 1 1 1 1 1 0 0 1 1 0 1 0 0 1 0 1 0 1 1 1 1 0 0 1 1 0 0 0 0 0 0;
0 0 0 0 0 0 0 0 0 0 0 0 1 1 0 0 1 1 0 0 1 0 0 0 0 0 1 1 0 0 1 0 0 1 1 1 1 1 0 0 1 1 0 1 0 0 1 0 1 0 1 1 1 1 0 0 1 1 0 0 0 0 0;
0 0 0 0 0 0 0 0 0 0 0 0 0 1 1 0 0 1 1 0 0 1 0 0 0 0 0 1 1 0 0 1 0 0 1 1 1 1 1 0 0 1 1 0 1 0 0 1 0 1 0 1 1 1 1 0 0 1 1 0 0 0 0;
0 0 0 0 0 0 0 0 0 0 0 0 0 0 1 1 0 0 1 1 0 0 1 0 0 0 0 0 1 1 0 0 1 0 0 1 1 1 1 1 0 0 1 1 0 1 0 0 1 0 1 0 1 1 1 1 0 0 1 1 0 0 0;
0 0 0 0 0 0 0 0 0 0 0 0 0 0 0 1 1 0 0 1 1 0 0 1 0 0 0 0 0 1 1 0 0 1 0 0 1 1 1 1 1 0 0 1 1 0 1 0 0 1 0 1 0 1 1 1 1 0 0 1 1 0 0;
0 0 0 0 0 0 0 0 0 0 0 0 0 0 0 0 1 1 0 0 1 1 0 0 1 0 0 0 0 0 1 1 0 0 1 0 0 1 1 1 1 1 0 0 1 1 0 1 0 0 1 0 1 0 1 1 1 1 0 0 1 1 0;
0 0 0 0 0 0 0 0 0 0 0 0 0 0 0 0 0 1 1 0 0 1 1 0 0 1 0 0 0 0 0 1 1 0 0 1 0 0 1 1 1 1 1 0 0 1 1 0 1 0 0 1 0 1 0 1 1 1 1 0 0 1 1]
******************************

L' = 4;

******************************
Decoders gAD-GDBF
Max iterations: 300
******************************
Decoder NO: 1
alfa: 6.2
DELTA_margin: 2.5
FLAG_RESTART: 1
ITERATION_RESTART: 300
m_l_i: [5 3 3 3 0]
******************************
